7.018359375000000000e+01
1.129218750000000000e+02
7.204296875000000000e+01
1.283906250000000000e+02
7.576171875000000000e+01
1.438593750000000000e+02
7.855078125000000000e+01
1.593281250000000000e+02
8.505859375000000000e+01
1.747968750000000000e+02
9.342578125000000000e+01
1.846406250000000000e+02
1.027226562500000000e+02
1.930781250000000000e+02
1.157382812500000000e+02
1.944843750000000000e+02
1.268945312500000000e+02
1.944843750000000000e+02
1.399101562500000000e+02
1.944843750000000000e+02
1.519960937500000000e+02
1.916718750000000000e+02
1.612929687500000000e+02
1.846406250000000000e+02
1.696601562500000000e+02
1.747968750000000000e+02
1.752382812500000000e+02
1.607343750000000000e+02
1.789570312500000000e+02
1.438593750000000000e+02
1.817460937500000000e+02
1.283906250000000000e+02
1.817460937500000000e+02
1.087031250000000000e+02
7.762109375000000000e+01
8.901562500000000000e+01
8.552343750000000000e+01
7.987500000000000000e+01
9.435546875000000000e+01
7.846875000000000000e+01
1.017929687500000000e+02
8.128125000000000000e+01
1.092304687500000000e+02
8.620312500000000000e+01
1.450234375000000000e+02
8.760937500000000000e+01
1.529257812500000000e+02
8.268750000000000000e+01
1.612929687500000000e+02
7.776562500000000000e+01
1.696601562500000000e+02
7.565625000000000000e+01
1.789570312500000000e+02
8.760937500000000000e+01
1.268945312500000000e+02
1.058906250000000000e+02
1.278242187500000000e+02
1.171406250000000000e+02
1.268945312500000000e+02
1.283906250000000000e+02
1.268945312500000000e+02
1.396406250000000000e+02
1.157382812500000000e+02
1.522968750000000000e+02
1.213164062500000000e+02
1.522968750000000000e+02
1.268945312500000000e+02
1.537031250000000000e+02
1.334023437500000000e+02
1.522968750000000000e+02
1.389804687500000000e+02
1.522968750000000000e+02
8.691796875000000000e+01
1.072968750000000000e+02
8.970703125000000000e+01
1.016718750000000000e+02
1.036523437500000000e+02
1.030781250000000000e+02
1.073710937500000000e+02
1.087031250000000000e+02
1.027226562500000000e+02
1.115156250000000000e+02
9.063671875000000000e+01
1.115156250000000000e+02
1.473476562500000000e+02
1.101093750000000000e+02
1.519960937500000000e+02
1.016718750000000000e+02
1.668710937500000000e+02
1.002656250000000000e+02
1.715195312500000000e+02
1.072968750000000000e+02
1.659414062500000000e+02
1.115156250000000000e+02
1.529257812500000000e+02
1.129218750000000000e+02
1.027226562500000000e+02
1.691718750000000000e+02
1.129492187500000000e+02
1.663593750000000000e+02
1.231757812500000000e+02
1.635468750000000000e+02
1.268945312500000000e+02
1.635468750000000000e+02
1.306132812500000000e+02
1.635468750000000000e+02
1.408398437500000000e+02
1.649531250000000000e+02
1.501367187500000000e+02
1.691718750000000000e+02
1.436289062500000000e+02
1.747968750000000000e+02
1.361914062500000000e+02
1.804218750000000000e+02
1.268945312500000000e+02
1.818281250000000000e+02
1.194570312500000000e+02
1.804218750000000000e+02
1.110898437500000000e+02
1.762031250000000000e+02
1.045820312500000000e+02
1.691718750000000000e+02
1.157382812500000000e+02
1.705781250000000000e+02
1.278242187500000000e+02
1.705781250000000000e+02
1.380507812500000000e+02
1.705781250000000000e+02
1.492070312500000000e+02
1.691718750000000000e+02
1.380507812500000000e+02
1.691718750000000000e+02
1.278242187500000000e+02
1.705781250000000000e+02
1.157382812500000000e+02
1.705781250000000000e+02
