7.211328125000000000e+01
1.173281250000000000e+02
7.406640625000000000e+01
1.357031250000000000e+02
7.601953125000000000e+01
1.571406250000000000e+02
7.699609375000000000e+01
1.785781250000000000e+02
8.187890625000000000e+01
1.969531250000000000e+02
8.969140625000000000e+01
2.153281250000000000e+02
1.014101562500000000e+02
2.275781250000000000e+02
1.150820312500000000e+02
2.321718750000000000e+02
1.287539062500000000e+02
2.321718750000000000e+02
1.414492187500000000e+02
2.306406250000000000e+02
1.521914062500000000e+02
2.214531250000000000e+02
1.619570312500000000e+02
2.092031250000000000e+02
1.687929687500000000e+02
1.923593750000000000e+02
1.736757812500000000e+02
1.724531250000000000e+02
1.775820312500000000e+02
1.525468750000000000e+02
1.775820312500000000e+02
1.341718750000000000e+02
1.775820312500000000e+02
1.157968750000000000e+02
7.894921875000000000e+01
1.112031250000000000e+02
8.676171875000000000e+01
1.066093750000000000e+02
9.652734375000000000e+01
1.073750000000000000e+02
1.058046875000000000e+02
1.081406250000000000e+02
1.155703125000000000e+02
1.081406250000000000e+02
1.434023437500000000e+02
1.096718750000000000e+02
1.512148437500000000e+02
1.073750000000000000e+02
1.590273437500000000e+02
1.058437500000000000e+02
1.673281250000000000e+02
1.027812500000000000e+02
1.756289062500000000e+02
1.066093750000000000e+02
1.297304687500000000e+02
1.219218750000000000e+02
1.307070312500000000e+02
1.357031250000000000e+02
1.307070312500000000e+02
1.525468750000000000e+02
1.307070312500000000e+02
1.663281250000000000e+02
1.150820312500000000e+02
1.693906250000000000e+02
1.219179687500000000e+02
1.709218750000000000e+02
1.297304687500000000e+02
1.739843750000000000e+02
1.365664062500000000e+02
1.709218750000000000e+02
1.434023437500000000e+02
1.678593750000000000e+02
8.871484375000000000e+01
1.234531250000000000e+02
9.359765625000000000e+01
1.173281250000000000e+02
1.072695312500000000e+02
1.173281250000000000e+02
1.121523437500000000e+02
1.219218750000000000e+02
1.072695312500000000e+02
1.265156250000000000e+02
9.457421875000000000e+01
1.265156250000000000e+02
1.434023437500000000e+02
1.219218750000000000e+02
1.502382812500000000e+02
1.157968750000000000e+02
1.619570312500000000e+02
1.157968750000000000e+02
1.658632812500000000e+02
1.203906250000000000e+02
1.619570312500000000e+02
1.249843750000000000e+02
1.502382812500000000e+02
1.249843750000000000e+02
1.043398437500000000e+02
1.923593750000000000e+02
1.150820312500000000e+02
1.923593750000000000e+02
1.248476562500000000e+02
1.923593750000000000e+02
1.287539062500000000e+02
1.923593750000000000e+02
1.326601562500000000e+02
1.923593750000000000e+02
1.414492187500000000e+02
1.908281250000000000e+02
1.492617187500000000e+02
1.908281250000000000e+02
1.434023437500000000e+02
1.969531250000000000e+02
1.365664062500000000e+02
2.015468750000000000e+02
1.287539062500000000e+02
2.046093750000000000e+02
1.209414062500000000e+02
2.030781250000000000e+02
1.121523437500000000e+02
2.000156250000000000e+02
1.062929687500000000e+02
1.938906250000000000e+02
1.180117187500000000e+02
1.969531250000000000e+02
1.287539062500000000e+02
1.969531250000000000e+02
1.385195312500000000e+02
1.954218750000000000e+02
1.482851562500000000e+02
1.908281250000000000e+02
1.385195312500000000e+02
1.938906250000000000e+02
1.287539062500000000e+02
1.969531250000000000e+02
1.170351562500000000e+02
1.954218750000000000e+02
