5.771484375000000000e+01
1.206757812500000000e+02
5.667578125000000000e+01
1.444648437500000000e+02
5.771484375000000000e+01
1.714257812500000000e+02
6.083203125000000000e+01
1.983867187500000000e+02
7.226171875000000000e+01
2.174179687500000000e+02
8.473046875000000000e+01
2.285195312500000000e+02
1.003164062500000000e+02
2.364492187500000000e+02
1.159023437500000000e+02
2.380351562500000000e+02
1.314882812500000000e+02
2.380351562500000000e+02
1.460351562500000000e+02
2.364492187500000000e+02
1.574648437500000000e+02
2.269335937500000000e+02
1.668164062500000000e+02
2.142460937500000000e+02
1.761679687500000000e+02
1.999726562500000000e+02
1.813632812500000000e+02
1.793554687500000000e+02
1.813632812500000000e+02
1.571523437500000000e+02
1.813632812500000000e+02
1.397070312500000000e+02
1.813632812500000000e+02
1.222617187500000000e+02
7.433984375000000000e+01
1.079882812500000000e+02
8.369140625000000000e+01
1.032304687500000000e+02
9.408203125000000000e+01
1.040234375000000000e+02
1.065507812500000000e+02
1.056093750000000000e+02
1.169414062500000000e+02
1.087812500000000000e+02
1.449960937500000000e+02
1.103671875000000000e+02
1.548671875000000000e+02
1.071953125000000000e+02
1.636992187500000000e+02
1.056093750000000000e+02
1.725312500000000000e+02
1.048164062500000000e+02
1.803242187500000000e+02
1.127460937500000000e+02
1.325273437500000000e+02
1.206757812500000000e+02
1.335664062500000000e+02
1.365351562500000000e+02
1.346054687500000000e+02
1.508085937500000000e+02
1.346054687500000000e+02
1.650820312500000000e+02
1.127851562500000000e+02
1.650820312500000000e+02
1.231757812500000000e+02
1.682539062500000000e+02
1.335664062500000000e+02
1.730117187500000000e+02
1.418789062500000000e+02
1.682539062500000000e+02
1.501914062500000000e+02
1.634960937500000000e+02
8.265234375000000000e+01
1.206757812500000000e+02
8.784765625000000000e+01
1.159179687500000000e+02
1.065507812500000000e+02
1.159179687500000000e+02
1.127851562500000000e+02
1.222617187500000000e+02
1.044726562500000000e+02
1.238476562500000000e+02
8.888671875000000000e+01
1.238476562500000000e+02
1.491523437500000000e+02
1.222617187500000000e+02
1.543476562500000000e+02
1.159179687500000000e+02
1.668164062500000000e+02
1.159179687500000000e+02
1.709726562500000000e+02
1.206757812500000000e+02
1.668164062500000000e+02
1.238476562500000000e+02
1.553867187500000000e+02
1.238476562500000000e+02
9.719921875000000000e+01
1.872851562500000000e+02
1.127851562500000000e+02
1.841132812500000000e+02
1.283710937500000000e+02
1.825273437500000000e+02
1.325273437500000000e+02
1.825273437500000000e+02
1.366835937500000000e+02
1.809414062500000000e+02
1.481132812500000000e+02
1.809414062500000000e+02
1.574648437500000000e+02
1.841132812500000000e+02
1.512304687500000000e+02
1.936289062500000000e+02
1.429179687500000000e+02
2.015585937500000000e+02
1.335664062500000000e+02
2.031445312500000000e+02
1.200585937500000000e+02
2.015585937500000000e+02
1.086289062500000000e+02
1.968007812500000000e+02
9.823828125000000000e+01
1.872851562500000000e+02
1.159023437500000000e+02
1.856992187500000000e+02
1.325273437500000000e+02
1.856992187500000000e+02
1.449960937500000000e+02
1.856992187500000000e+02
1.564257812500000000e+02
1.841132812500000000e+02
1.460351562500000000e+02
1.936289062500000000e+02
1.335664062500000000e+02
1.952148437500000000e+02
1.148632812500000000e+02
1.952148437500000000e+02
